4294967279,107
4294967279,106
4294967279,105
4294967279,104
4294967279,103
4294967278,141
25,4
25,3
25,2
25,1
4294967279,416
4294967278,140
4294967294,429
4294967294,1422
4294967294,248
4294967278,349
4294967278,137
4294967278,277
4294967278,348
4294967279,138
4294967279,117
4294967279,116
4294967279,115
4294967279,114
4294967279,113
4294967279,112
4294967279,111
4294967279,110
4294967279,109
4294967279,108
4294967279,415
4294967278,276
4294967279,275
4294967279,135
4294967279,290
4294967278,275
4294967278,16
4294967278,10
4294967278,9
4294967278,8
4294967278,7
4294967278,6
4294967278,5
4294967278,4
4294967279,132
4294967279,131
4294967279,130
4294967279,129
4294967279,128
4294967279,127
4294967279,126
4294967279,125
4294967279,124
4294967279,123
4294967279,122
4294967279,121
4294967279,120
4294967279,119
4294967279,118
4294967294,428
4294967294,14
4294967294,20
4294967294,13
4294967294,126
4294967278,286
4294967278,133
24,4
4294967278,273
24,3
24,2
24,1
4294967279,273
4294967278,272
4294967279,272
4294967279,271
4294967278,270
23,4
4294967279,270
23,3
23,2
23,1
4294967279,269
4294967278,269
4294967279,414
4294967278,15
4294967279,287
4294967278,13
4294967278,266
4294967278,282
4294967278,14
4294967278,283
4294967279,286
4294967279,413
4294967278,347
4294967278,346
4294967278,12
4294967279,284
4294967279,265
4294967279,412
4294967278,11
4294967278,281
4294967294,409
4294967294,395
4294967294,214
4294967294,407
4294967294,421
4294967294,179
4294967294,178
4294967294,384
4294967294,590
4294967294,411
4294967294,451
4294967294,109
4294967294,113
4294967279,283
22,4
4294967279,263
22,3
22,2
22,1
4294967279,282
4294967279,262
4294967278,31
4294967278,30
4294967278,29
4294967278,28
4294967278,27
4294967278,26
4294967278,25
4294967278,24
4294967278,23
4294967278,22
4294967278,21
4294967278,20
4294967278,19
4294967278,18
4294967278,17
4294967294,388
4294967279,259
21,4
21,3
21,2
21,1
4294967278,345
4294967279,279
4294967294,247
4294967279,278
4294967278,344
4294967279,411
4294967279,410
4294967279,409
4294967279,408
4294967278,255
4294967278,343
4294967278,254
4294967278,342
4294967278,341
4294967279,407
4294967279,406
4294967278,340
4294967279,405
4294967278,253
20,4
4294967279,404
20,3
20,2
20,1
4294967279,403
4294967278,339
4294967278,338
4294967279,402
4294967278,251
4294967279,401
4294967278,250
4294967278,337
4294967278,247
19,4
4294967278,245
19,3
19,2
19,1
4294967278,244
4294967278,243
4294967278,239
18,4
18,3
18,2
18,1
4294967278,238
4294967278,336
4294967279,400
4294967278,234
4294967278,233
4294967278,236
4294967278,232
4294967278,230
4294967278,36
4294967278,35
4294967278,34
4294967278,33
4294967278,32
4294967279,26
4294967279,25
4294967279,24
4294967279,23
4294967279,20
4294967279,19
4294967279,18
4294967278,228
4294967278,225
17,4
4294967278,223
17,3
17,2
17,1
4294967278,222
4294967278,221
4294967278,217
16,4
16,3
16,2
16,1
4294967278,215
4294967278,335
4294967279,399
4294967278,334
4294967278,212
4294967278,333
4294967279,398
4294967279,397
4294967278,332
4294967279,396
4294967279,395
4294967278,331
4294967278,330
4294967278,208
15,4
4294967278,207
15,3
15,2
15,1
4294967278,329
4294967278,206
4294967279,16
4294967279,15
4294967279,11
4294967294,39
4294967278,204
14,4
14,3
14,2
14,1
4294967279,394
4294967278,203
4294967294,437
4294967278,328
4294967279,393
4294967294,29
4294967294,253
4294967278,327
4294967278,200
4294967278,326
4294967279,392
4294967294,42
4294967294,76
4294967294,41
4294967279,391
4294967278,325
4294967294,45
4294967279,390
4294967279,389
4294967278,324
4294967294,52
4294967294,387
4294967294,51
4294967294,176
4294967294,264
4294967294,254
4294967278,323
4294967294,83
4294967294,393
4294967294,392
4294967294,115
4294967294,82
4294967278,196
13,4
4294967278,195
13,3
13,2
13,1
4294967278,322
4294967294,92
4294967294,91
4294967294,88
4294967294,86
4294967294,85
4294967278,194
4294967294,99
4294967278,192
12,4
12,3
12,2
12,1
4294967279,388
4294967278,191
4294967278,321
4294967279,387
4294967278,320
4294967278,188
4294967278,319
4294967279,386
4294967279,385
4294967278,318
4294967294,107
4294967279,384
4294967279,136
4294967278,317
4294967294,162
4294967279,133
4294967278,316
4294967278,184
11,4
4294967278,183
11,3
11,2
11,1
4294967278,315
4294967278,182
4294967279,319
4294967278,314
4294967279,318
4294967278,313
4294967278,179
4294967278,312
4294967279,317
4294967294,219
4294967294,206
4294967294,190
4294967294,170
4294967294,163
4294967294,417
4294967278,311
4294967294,5
4294967279,316
4294967294,127
4294967294,46
4294967278,177
10,4
4294967278,176
10,3
10,2
10,1
4294967278,310
4294967278,0
4294967294,249
4294967294,216
4294967278,175
4294967279,315
4294967278,309
4294967279,314
4294967294,425
4294967294,89
4294967278,308
